3497423605
4201914651
2602335779
5569417576
4912383102
4498586236
319160391
2261135391
1044147057
1044147057
1044147057
227985218
6286045969
342642075
342642075
5848712190
5848712190
5848712190
5848712190
5848712190
2389295656
1225540914
3891028076
4301212621
3382271684
606595526
2312251231
1901658002
4089518540
253015944
6115737716
2587469329
237587705
4141191689
2732530895
223587006
5373855007
4367287387
2626547704
284993630
308943827
5900110114
195557363
191999700
5456256317
460223187
1991132260
3273188408
2543695740
347179798
347179798
347179798
214136547
2951763128
3451772301
3635136467
6777194374
3360317442
3625443827
2721522354
3001732150
3001732150
238313058
1332338405
223974845
5780998956
4667354261
2704464060
4025237127
303871146
3957672032
5692395196
4321595500
3464922446
2021723628
2691758330
2175972740
1579200947
6939605872
3088039517
4802313318
1976129612
4329040128
623155542
1346552567
1346552567
1346552567
4597483159
467103327
223693107
1287403720
3143709944
1103146250
3643075268
415294251
2299124375
2021730819
488830805
5615377405
205530133
2111608743
788475961
3016689821
4601996668
5468032691
1594318715
886413824
292410970
6673970395
3753106685
236651703
690271062
2290121088
4226643755
765365840
2554647083
2554647083
1727878744
4281568325
5327286109
3639296222
686947393
3894429510
1544408099
384305343
5719131123
2814381926
4809120117
796439330
1070696690
777415011
316323375
1025720790
2146903530
246771863
4386236282
1625123157
4507628490
2138809879
5094249317
2984829166
5581181375
307665863
422738043
297994970
5207849522
431104630
431104630
1859269519
2034313312
429577740
3614501373
3056010873
276845417
2098740293
2098740293
3828918330
6899085505
634518204
3506600913
4716703088
3303715137
5541377850
4382892973
5672955853
5672955853
2232368710
748510487
1561064000
5919154820
4243975759
321015622
6238286983
6545576647
4567118408
3996649162
3996649162
5564624480
3665113748
5861020886
6579197390
2461780493
5545099043
6602074856
1680640577
6053595290
416546421
1539694666
6154950680
202637166
3388453712
281118354
6384771233
3388425227
3388425227
3388425227
3388425227
3388425227
3388425227
3388425227
3388425227
3388425227
3388425227
3388425227
3388425227
3388425227
3388425227
3388425227
3388425227
3388425227
3388425227
3388425227
1233554984
223710396
4190237142
1737604212
1737604212
1737604212
1737604212
847047536
2459814208
2716016721
3570306488
4290962480
4290962480
555464447
6428981368
4539235805
3140527731
6229325708
2646745966
273052572
5151301303
1565911023
4937213004
3983096024
514481603
514481603
2957571775
6568800155
2942232578
5846086765
6476743954
436411752
5311946447
6767260073
4408955305
6553093625
1984560452
5196083075
5179090733
1725304604
1725304604
3719783060
4159916333
4159916333
1488267874
4127957749
199671542
3917586529
6828046262
4066080018
5653928539
2464041264
5323365402
5507160333
3314363966
1032905507
2122352004
3670518374
283892209
4216934915
369253320
1943598637
2724585859
1633777696
339440028
2464121680
6171502164
3763071269
245137796
4505444297
5199350417
2797754300
2008733226
3884683267
2015156120
2015156120
1761374627
719995301
4653008369
4653008369
4653008369
4653008369
3652774316
4066040888
1855890134
3126214482
6608453903
2449840805
5280272918
6004134456
6126312831
6926769740
5584953466
3875152823
6404377002
5270721333
308172570
2284689871
5456217002
2556719398
4604255402
1064205609
5098696327
6435842903
5355178588
413244004
5912231830
1001313238
4460228710
2312547225
414520917
3250568348
2194536617
4940069237
2255379604
4071090291
5389885884
4014539837
1664494910
1386134403
5159351528
1721590008
2123972232
1876085389
1529349877
3126181155
239075530
317186918
317186918
3594891295
2856181085
2856181085
2856181085
266156340
2002848107
1925631114
3132177432
874251006
5745133032
1816635111
987849984
330123000
4642476470
2131928501
259957115
3357158803
2212777104
2892478790
837863117
4312537242
4312537242
4312537242
4312537242
4312537242
4312537242
4312537242
4312537242
4312537242
4312537242
4312537242
4312537242
4312537242
1487246084
4291916797
353420448
1701465730
2569311287
2569311287
2569311287
690241524
1620477033
1215033025
255125562
1946885040
1960646788
1789042238
1645599871
1645599871
6601504245
5348170301
5075239101
1416194891
4304976434
465000340
1710502656
5762644910
2986583979
5295985506
1397790856
738351485
4693002370
4715297180
4017533640
3635140604
3635140604
3635140604
3635140604
3635140604
218078530
3216099428
4402032729
867852026
478865278
3624303390
3896518492
5719069007
4023459104
3753085643
3914622042
336134020
348402282
348402282
4978927027
6594342641
5754144644
6258596815
5728546205
5398610282
4283480177
4283480177
4283480177
4283480177
4283480177
5896543102
5529901058
4245261351
6331685308
3341680568
6380276705
4606028495
4371879286
5180329320
5128219079
6215759333
6174512567
3111762480
6706379132
3929869910
6340212102
6951075560
4679709427
5768840773
5301574829
5514440740
5574456152
4295377403
4295377403
4295377403
818616644
1045841811
285062541
4987488034
3912683039
3576456865
5853379509
1174626971
4754051279
3398806189
381956714
1903386572
404954747
1728360953
997931458
3423473124
5172791797
1901583386
468368621
580453863
7297086745
557584208
628522251
1501894277
1613216508
1749620906
5800749660
513376900
4052002216
2035543641
3085033029
5906966012
283338593
391351218
2056956623
2119095674
644738075
1690827353
2280691763
563218251
5023452580
5023452580
5023452580
5023452580
5023452580
3418057178
1790242919
3418356508
4171670430
4171670430
2364184745
4589650232
3832945019
3398586634
1218381180
1876122402
3375412800
1701549908
5981223770
4149744029
3400822176
319369760
1427094089
3778991000
1613116021
197990503
214077318
2931708581
382561649
390760775
1052310966
5231373839
5231373839
4565776130
3497428034
4405585409
5702966884
6957249823
3143404941
4116264216
4866710426
6122295890
3161123330
3709707506
5516842166
4699292365
3342885029
1112940249
511397774
1600604385
2166404470
5633973242
2352399796
4327128278
496528000
4712873689
1666584586
2287705634
4747003586
5984705557
6145907444
2938160492
1803993164
4887471890
3585708116
1571535962
480892625
500873172
2903851664
5188963410
5159315375
2248682147
1879517890
2439328200
2812457456
1634023904
3870427590
4666509242
3646037880
2239343792
2239343792
4232890565
2403042099
553531901
1411987229
531591630
1451720175
1601643100
2140261863
2140261863
1841169563
4510033557
5755439881
3749341364
5880255679
2410658288
4657745808
5343981632
2729543174
2729543174
2494710401
5458414445
4666385321
2771937397
319236800
3579881725
4340344877
5077488196
4891535875
3917885518
6418082400
3736556910
5581146464
2573795303
6025153551
2556337148
5125666940
2001214732
2462244206
3482245088
1704262308
6613450215
316747457
1535090253
3520461850
1880763326
6447175380
4079725759
4562843318
1725332424
340517507
222761950
264785110
6947894503
564832592
2154165280
2939324704
3873250286
286682129
4182924374
4182924374
480172406
2724591690
5649021719
5467258025
4420814604
3809735305
3809735305
3363020475
3997856152
270891629
3484252268
3484252268
4843610990
1514116220
3499527925
6597961525
2444609861
5154038016
2192528087
4937213112
4387258106
5222950062
248640261
1025829683
1025829683
4412019100
4412019100
4412019100
5566840759
5566840759
4719902308
5947422560
4674354281
4674354281
5432598937
4520581601
5348170187
5672872260
1907816543
1907816543
2222079701
2222079701
4570660637
4045957361
4261881905
4763872809
4763872809
4270254640
3526315270
1610025396
3810464070
3413422446
1871811278
2396809396
3679312950
1446828679
4055828534
3307376816
6964221400
4739674870
213375788
7306723925
3590021110
5038338690
2535512550
6019319555
5553529325
4791462245
2019428061
6095028284
5795014030
5286332707
5523930593
4820624729
1103251333
1103251333
2259370286
2001208677
5524017144
1654471510
762447167
1778752006
4455554264
6377222103
4239138068
5444628155
2750400230
5683293766
5292372120
5292372120
5292372120
5292372120
5292372120
5292372120
5292372120
5292372120
5292372120
5292372120
5292372120
5292372120
5292372120
5292372120
5292372120
5292372120
5292372120
5292372120
5292372120
5292372120
5292372120
4455519029
4455519029
5600199870
5399102690
2715671447
2744883611
2227966550
3859357645
487258514
6229204251
410344449
3832933607
3832933607
3642423299
2866122863
2008848068
6176433266
4454395055
4107353082
3167132091
5575855905
4312534307
2099085406
2732526430
1212019150
4496544199
4496544199
5784303870
4013765430
322047140
5552268703
2327997295
4555383542
5325880110
4893847940
4893847940
4893847940
248042408
5730770022
1171728132
2541697028
258429806
6394144571
2312532537
1516541145
2928634073
3597968973
1297488466
3848686615
4039910909
1273314363
4204113792
5458389507
6805498780
4620764301
5589571022
2763570149
452823900
5309099190
5711937505
4833154500
5224986044
5024603705
903442551
3628217771
6202696805
4321152276
5532264160
5079889587
5124968398
468323846
4205341428
1135481127
1499057983
864360005
763336673
1696928824
5916894634
4475126500
4495801418
596759482
2189167867
197741618
6724260907
5103429701
5957783506
5957783506
3810773537
4407493346
5512243182
3312858690
4438120840
2846089693
3643226214
2722286103
306226003
6417000519
5776141705
553499207
553499207
2261023060
1907551005
6543397106
3328537526
3328537526
3328537526
3328537526
3328537526
3328537526
3328537526
3328537526
3328537526
3328537526
3328537526
3328537526
3328537526
3948293719
4450714856
1099984870
5583524291
5317275860
4442539978
4442539978
4442539978
5757724530
3142636224
6552398791
6089052509
4587694779
6132913739
6058123469
5245816733
5769288759
2905168652
1030893587
1183861538
3755250962
400948701
265116407
1546015335
3364268336
4502297050
2343756545
3729281878
310690455
1865345057
6663175550
662750106
2936096450
2278769338
5609454679
5088918079
4599201997
4529496032
457635266
3258909964
223979507
478533799
3813491707
4050966293
2726300751
697869900
3751179416
201505711
3216093306
1027925080
3484075193
453063200
3723884108
2826270773
1639867899
4387211170
3461882986
4704578370
3249133053
3772246148
3772246148
1977963101
4181886170
6789861442
5627219605
5680431250
2831298038
2550330140
4672276579
4559761800
1544349851
2736907975
4227985105
4227985105
5031658088
5031658088
2257737038
4417583633
425163165
2143073346
2143073346
3541267301
3541267301
1847839069
2670313227
2744540205
5030350962
207765395
3803778838
2294610432
4580341314
2108644964
3803875603
5377144969
1152705506
4299873832
3765173995
3639271408
316657005
2781572100
956001813
4081994578
1247975711
629103219
5129947459
4736034809
4299397110
263299526
3054502653
3972096242
3057255231
4071087070
574954028
5852374678
5426911637
4432210114
4432210114
4432210114
4432210114
4432210114
4432210114
4432210114
4432210114
4432210114
4432210114
4432210114
4432210114
4432210114
4432210114
4432210114
4432210114
4432210114
4432210114
4432210114
4432210114
4432210114
4432210114
4432210114
4432210114
4432210114
4432210114
4432210114
4432210114
4432210114
4432210114
4432210114
3540969784
5020602585
577476076
1164775100
5527306916
2048497939
513347405
2075855417
3956731217
3099538800
5121439205
4714864334
4714864334
4363895303
3777760205
3623059050
532512790
4956298209
6290444970
261329253
976364306
2171552768
1848167216
280198439
5288705045
5288705045
1093140050
1178061305
570718808
3858190504
2509996726
3273637001
4003930158
1408431813
545119874
4963199960
1456741400
312420597
804046128
804046128
804046128
2332120866
6211352507
2998955694
4973307029
290111008
2933419940
5759105903
1803990102
1620693204
3704787388
6208501254
4763853090
5651446472
217038912
2560840982
320294987
5780993851
2802404292
3692422358
2862254500
2292337745
4616015795
4276569646
213276760
240460179
1149235909
666106919
1305796996
4232935529
3922331118
1394918370
1639892222
220923301
6521010486
1392263378
4277617325
6180761201
1986706809
4302564659
4302564659
6472281743
2207679074
6087948200
1539760535
322491660
2047494608
3629759635
2310026720
2310026720
5268497662
911810436
911810436
911810436
911810436
911810436
911810436
911810436
911810436
911810436
911810436
911810436
911810436
2162860206
5176356598
1984516867
3322989800
5363128835
222716247
1635308115
4254709328
5107249212
3591494370
5971357927
985501484
985501484
5194906154
6024619925
6047732509
1415921343
2057980860
4495780260
4843437128
4843437128
4843437128
4843437128
4843437128
4843437128
4843437128
4843437128
4843437128
4843437128
4843437128
4843437128
4843437128
4843437128
4843437128
4843437128
4843437128
4843437128
4843437128
4843437128
4843437128
4843437128
4843437128
4843437128
4843437128
4843437128
4843437128
4843437128
4843437128
4843437128
4843437128
4843437128
343404627
5133557201
6199964182
2216859326
3841021300
3841021300
3841021300
1828382689
3266165924
4514767650
845067491
744245792
274627104
5974261721
345135381
3148650683
705956822
2121852804
6103977750
5741703420
1751962517
461721940
4775555179
5731958476
5823429976
6194619649
5459746201
1105297233
1488203945
6261653609
1379872963
5369823658
346101819
6603102474
2016537513
4770429533
416899972
3811725368
4994647219
5574410792
516362172
4034784752
2064086421
5344012464
5082524774
4944390137
4511235390
5070421950
5881490938
614718719
5222846880
3927680839
5196056705
2149870904
6394434886
6394434886
4587685651
5099822270
5099822270
599083768
6490797897
4443857063
3029933112
5027164298
5658012600
653542026
5512297085
3940668595
3679489135
5453318456
1386272744
5181498053
3721789502
2154035590
5560393355
4776055352
5626126032
4173436014
595459205
1474840104
334695437
3637842902
3203597159
3203597159
4513505966
2997339535
1392980651
6396731938
460582026
3647389707
4476980160
4738244246
469990303
4906191607
5498964154
1187654689
1381823387
2111565490
798974100
4062844646
1148146305
4548305003
1002548002
434809943
6277346216
5223391909
3965674707
5563455570
1592632781
265107273
3157764840
5064265880
3351281046
2106318291
3927869371
5560356842
4209453953
1026145761
6980105744
2260993805
4130959058
7008769729
1409951906
2457236500
5587209080
6086577050
6799736919
4242613362
4920942167
4022329461
4022329461
3202401777
6746854301
5748557607
4645995100
5006624640
6866578956
6866578956
6738189699
2978942815
4025176071
6473298637
5704101276
5127337088
5415683000
4607281880
6497074297
1068337097
4238851760
5959293101
1612343969
4820842277
4017516207
1238922278
2749036454
3772850291
5120562354
399457223
4443824790
2269493947
2833780705
1004325891
211462203
560563502
560563502
3033499300
3496165802
1957339657
5513239763
4581956737
4581956737
4581956737
4581956737
4581956737
4581956737
4581956737
4581956737
4581956737
4581956737
6046671833
1486127726
1486127726
249351135
249351135
2141054420
2067508131
2971853801
4030930950
6468912630
3377836765
4054889683
2068720937
231800143
3889955360
3462199154
1707621479
1220401417
5265768014
770715557
4404300043
5773932199
3686785968
1918268270
241430900
1885264405
654270668
486250305
1968841288
5547094597
1668727099
3347703401
4098347432
353776067
445945705
5620174289
5620174289
5620174289
1272496634
1272496634
5154690167
112991669
4252638914
4327130148
1503340719
5443192763
5180355990
2506910009
503389385
2555797546
4159912148
3364304226
3728273940
496642860
6994767369
6005418423
896536828
73429757
2474988391
238707926
238707926
4162200710
3707750087
556547093
4389287508
4389287508
4389287508
1839076064
5915961694
6355186325
5679213769
5498958756
4079747746
3937004601
6414764138
4619212964
2357904914
1733314362
911819177
5826811001
6119657054
5263290303
6124820046
991738765
2589348961
2494711637
4449658195
5997528802
3235318026
6477592177
1162768463
5483536849
5240601825
5468034626
5468034626
5468034626
4063877730
5897864892
2148833249
6504585697
6413747968
3941730548
2933392238
5642829620
687217841
2324375909
4076615429
671716999
6707426129
4194300813
390152652
6624996652
1514783942
1850813918
3505178924
4199430095
1659574864
1659574864
2528585910
502041154
6462302830
4790250700
1115996444
5222872890
5671469278
4672365236
4676631605
3451691087
3168887898
6018367391
2112971768
3159684080
4728338820
2420626100
4138485371
6530041275
4826461346
4826461346
6967538840
5079045409
4254939053
5976750311
498080582
6759537616
754129727
1904843202
460220341
6046126143
1531477952
3525362105
6063773001
6063773001
2543641739
212234883
369678420
1799961256
2314455054
471740498
1585372101
5684239972
2785552343
6365462147
1982263517
1982263517
1462085396
6157296026
1048622514
1984579887
2017605912
2991007970
408546024
809256923
5244890363
263345993
2300494551
4657259600
283087500
245974950
5325871436
1737644779
362413040
4354695658
1878412265
1470658562
530928123
530928123
530928123
6104530383
4101010690
2989954117
3402291444
239231418
3764437910
3764437910
308992184
6074585767
3267448325
3267448325
3267448325
3267448325
3267448325
3267448325
3267448325
3267448325
3267448325
677416517
1557529208
3298337243
3298337243
566093573
934934444
1363844555
4065013365
1375951940
2276200997
990647800
1839998305
1206773412
2114079117
1820749904
6226846721
1039068287
2728290536
2164955309
369852218
215998037
5399103716
5084488549
529278605
309139649
3038771899
6325946677
2642036361
6226695332
1388714903
5228761229
934250253
6331503209
208673502
1574894629
4846687282
576895776
2459560913
1967567842
1132197441
990623654
1404850371
474562880
2591102634
4378898909
322957538
293300628
5497857532
6000201472
2494698860
5286338488
934036676
4750764994
377109872
1311522700
6877805149
1573359688
2168729414
279672290
914373296
914373296
233009655
3005566883
6103740336
7006407504
2201060750
3479037308
4694576257
3125774816
424114863
5907340961
1340149985
1546691183
3233890103
3233890103
508998999
923309873
4756933710
4874218786
2430857573
2560845310
5623612199
1213772082
1660034606
6775190630
6286914991
2246307776
1443287998
2816187623
1915440423
6995536995
1081710483
4974089563
2310054990
5432582456
5572012902
385819811
5587145965
4876518906
5179117454
5156412866
5216126795
300160435
6276105051
1878966145
7340221734
6669091133
4664191319
3898825246
1695262931
3601216392
478590803
523043808
3996694324
517151200
1954959364
2573041128
218397030
563253054
533542821
3701521950
491689214
1699257439
275377292
3595818907
959408162
229908021
1103209015
2710765835
199209338
2309537608
5133556500
467591273
573664048
573664048
573664048
2556708010
4588580015
4588580015
2064171228
558217970
197011464
197011464
4489455187
1045878164
570898205
909781190
1641811949
5976757677
1947736477
226973861
5326574200
201150166
217621210
6904247660
1820779226
2471540795
359304280
482480710
2036550228
3249151955
4466621159
2894345370
6210418704
4488006617
573824285
3887784910
4511209272
5678632585
4270413147
1151891908
3443159951
1954880677
256760657
1165725213
1966457610
1725323307
2019149809
1643559100
5130923470
4152739804
618785513
618785513
5062933169
5171542422
4521543893
672532062
3346413360
4456889407
4281485282
6596183033
6650647498
5330947535
6771287709
5622567802
1563745120
6026462620
5989506085
4631937902
5927596228
5504739182
1397720202
5404744484
5531175123
5082113789
3962973103
3658786354
3658786354
1747290086
3568174910
5917940270
4786207939
6892060987
6892060987
6892060987
6892060987
262514256
1218335550
450158055
1930027218
4780078019
4203852460
1095676127
790298992
3927306815
773729261
2367899868
2464122599
4587772168
4587772168
3423469652
4912867873
2188709360
1010292421
1064653007
3497407172
1687105268
552190840
1756947708
4482036188
258342351
3192002772
3055651982
1942332107
2541968956
2330131596
540252970
540252970
2959277545
1873703905
3882457297
3970410389
3970410389
3970410389
3970410389
527385734
4216952384
6221067785
1795277809
2509954127
2509954127
445779909
467191556
5798521792
389290508
5347443111
5377839879
5377839879
280386330
200456807
491658100
897480757
4486442273
2840271504
272555232
2098800321
4243032654
302322208
1053758357
2259956250
6984600164
2308074513
1470587048
1470587048
4276550003
1531469960
5700744494
297160487
3042652353
2037003105
1076719526
4368378682
3138254981
439513323
5800775561
5161313879
6513351785
5304289544
215064933
3624342270
1471255062
468377081
468377081
3932718632
581448197
1002552241
218566772
2324416344
4290915941
267255638
347869828
250997001
2221988138
2836084094
2099055527
6247861415
344783806
283815123
4390230912
3787960672
5032830543
538174934
314406861
329505758
4081114898
4329328120
2968850818
5481123270
5341509188
4616035199
4616035199
4616035199
4616035199
4616035199
4443842608
3993993380
5556117021
5614929700
4384134872
5137695955
4481888644
5104125546
2433704702
4117359266
1974001589
460015449
3811423641
5859704539
1777983020
3619192860
3619192860
3607317755
5601817150
1971369676
1616578669
6462313224
1076719085
1543057341
1217483873
5518251584
5235260795
5250845726
5441914014
5665799304
4438151511
4438151511
4782842333
5975674698
5975674698
4759838598
2343656285
4735627588
5211968255
5007655708
5007655708
1187367542
5263282097
5230238399
6823305105
1548858718
247296102
1722300585
6863208697
4013016576
3447736505
3834008792
6004935683
6004935683
743799401
2381301825
724135505
1198797804
1490169101
1453632630
4050022947
6999686175
570904332
6053595074
493143107
1033843146
6916056750
5906226716
3692346560
1313694656
5957023590
484533872
3844848745
4393148228
5901561494
5453315729
6657438420
5527301811
5527301811
5527301811
2789641421
5202489898
6049699986
6499288360
4155804132
5347476044
6210303313
3615860267
2728310118
5506255400
6772849246
6773370660
5216113374
5341535204
2164185953
4866694921
4898496610
543822947
3090304102
4872762800
4777367266
2318888907
264501708
4523324109
2975781790
4741206974
4960028654
5245946974
3784736250
1134265128
1406197230
4456866500
3107151438
1458434078
1509750213
1846334591
2627509229
5087718161
6217237131
3989974368
4529611871
416126094
5991712217
4097564578
6326707652
2244296555
5345344980
934970599
4886170370
308024754
1179348100
1996182224
2400989788
6345487846
1427062281
1017271365
352193217
2862248001
6380264301
5885225947
1457497260
221355806
4892917078
4892917078
6076161566
6166606699
4897689348
493857810
5404761150
4681824416
3102660285
3102660285
3102660285
3102660285
3102660285
3102660285
3102660285
3102660285
3102660285
3102660285
3102660285
3102660285
3102660285
3102660285
3102660285
3102660285
3102660285
3102660285
3102660285
3102660285
3102660285
3102660285
3102660285
3102660285
3102660285
3102660285
3102660285
3102660285
3102660285
3102660285
3102660285
3102660285
3102660285
3102660285
3102660285
3102660285
3102660285
3102660285
3102660285
3102660285
3102660285
3102660285
3102660285
3102660285
3102660285
3102660285
3102660285
3102660285
3102660285
3102660285
3102660285
3102660285
3102660285
3102660285
3102660285
4528458125
436595237
5150374413
1221892360
3357202895
5747610988
5616456515
1015921833
4231741560
3640264700
260420062
260420062
260420062
4190213229
4509971398
4167901600
6362089037
703923351
1095679403
5535395794
255590729
1553815565
2352608297
243456857
4480817471
6126301239
4585921631
1230496955
905972282
60257184
1132887806
5980385548
3115733280
1859260553
2915812178
337287761
3390790110
1440479492
6921360042
6068644361
3804849199
6098653558
1534165694
5297112006
5682490957
3767303410
5724181410
6235880408
6235880408
6235880408
6235880408
5376324932
366059438
6301001000
6301001000
5274650672
6344407880
6646907845
4733805572
5115160780
5115160780
3603613598
5813738503
3578790203
3578790203
3578790203
3578790203
5722358336
6459082702
6210369287
3612814601
5537864005
5352316620
4365408030
5863743946
5863743946
4643924200
5341478228
3592393145
4740272396
5540082063
6039343203
1723057360
5311170102
1786660127
270155969
2189105205
5540055695
6487392150
1358396621
1761360299
2181910605
4175236583
3649690214
4485064058
809534726
4516155222
2330013532
6945014285
3858187933
5133528231
4969265581
3716930447
4481903899
5671523951
1044496961
2637391100
4414999790
4414999790
2909055617
4122713210
5618924135
4813783579
3915581435
3049347988
2941529093
4019884046
3991217282
4297062706
3449162816
6447492289
4241157207
2198727559
4136466012
4717891846
406498076
3087652733
610608110
670159556
3740913548
6165264185
208704797
5095429712
5815881649
5750534465
903832685
2482192500
2592297766
6947356447
6614417393
4736875933
5621284301
3515017308
6354019088
4711583211
4490148581
495372347
4056924761
6383078045
2154100884
5401279320
3056158646
6776220300
1909163905
4211338065
4039879780
4039879780
1606653818
205255617
2307457401
5022098502
6634228265
556571285
2084221120
4124733702
1260598996
1837574018
2809222586
2809222586
3355062785
4381880309
314944701
606287636
4256303588
4092766550
5352430930
1203918810
6395642677
1631462678
6124811802
5907311124
903238676
2735870516
2735870516
6957259633
6957259633
579002985
3291076754
644561501
1975348909
2004031363
1554827138
2651833853
487261301
1900581848
2263197716
2263197716
4978963398
3246918598
1627494713
1837613400
3550606487
4469101595
4469101595
4469101595
4984531514
365398380
1527276002
6771791141
6527651174
3605981435
5208897466
6235882669
6528392794
5312463180
4617048554
4540332390
5553444905
6105324183
4306049918
3642437519
6522633890
4455568260
4401057507
3663597023
4292902736
274590240
2704440580
6077996353
6412804116
1330692479
3006387600
557030544
291815412
1296750409
5188147885
5409473354
1555602711
978559001
2871581228
2871581228
2746728487
3029915102
1831066404
2167086428
5818201422
292329700
3484069136
2948134436
2086847090
327590052
227899945
3934410900
1090838202
1456908930
2332668248
4350642351
1779587812
1779587812
1779587812
1779587812
1779587812
1779587812
1779587812
1779587812
1779587812
1779587812
4450699710
5793928075
1437005661
2352524560
3315726566
1405752315
5461680257
990601559
5631147476
1855238750
577470725
1465147835
620951190
1409842410
1606647644
1352136723
5954996964
4512419549
4651503695
4465481100
190395881
761571907
2101488848
544998268
4683254039
2082646349
1383749956
1383749956
1860327881
6764880772
4013031316
295884919
5537875483
4165945370
5678644654
4512389506
4420824749
4503497624
3127958351
5734102697
1118324652
1025835857
561579038
5028087310
1097626309
3952643605
1720224915
2235294501
446016869
1582610849
2670714629
336105177
2168444474
233417256
5676041807
4307610057
1274052921
2461835708
3709807109
3866216048
460370200
5731533377
1088022291
2492577530
3966459373
5239830158
3407547012
5592137788
5043268664
1050162421
272491017
1848212558
4591796392
6756077935
4883288347
584871704
283007148
3573078877
6494991508
4823680978
4411469790
213557730
2869911512
5836212500
451294512
430629612
4194304909
5211988640
6324035325
2248617806
1203860987
3315769415
2221571798
4145452350
451381902
348464942
1546002906
1546002906
1546002906
1546002906
1546002906
1546002906
3252869695
1440663423
2001229098
406143366
1414114990
566743833
189665640
4034728320
246646727
202525600
328071633
328071633
2162882410
2162882410
1274029314
369822780
571817700
5060607810
3839067323
3276846909
5468019994
398775311
5889214430
850159790
850159790
5688671960
1916806085
4923877790
2548332520
635930105
635930105
635930105
522133980
3364278703
1377254933
6068012876
1853299639
5418037600
3164925077
5828930280
2872128734
5477642758
4760656910
3343430436
6006270192
3932730204
267861491
1028066687
4116565358
4404360444
3488401925
1073886010
2362180010
1249228556
1206847880
1249811297
3763051757
5933760281
5933760281
5933760281
5933760281
5933760281
5543854370
6280841681
4348999441
6286897702
6179595789
6780969207
3398480036
6716865727
6226826779
4391226501
5043276872
308590106
4309301355
6866578621
3161104845
2131782910
4616034612
4616034612
3637143647
4637977228
290526621
1548097271
3779625682
504212928
3944858077
5018873570
1295052875
5497929082
5699773503
1374540135
3358418075
4829579281
5974198804
6525134756
6104521815
1001930586
4207692923
5822755721
347210916
3697300023
5431639987
6559348220
1500359550
5337645506
1412011903
3507892253
4440543677
5064229510
3353557950
4587692293
2470396490
575555921
2028040584
595276343
1292584616
4953893950
4953893950
2533412634
5730757984
5730757984
2728286180
570601607
6158330585
4359316011
2347238852
264766733
2944212171
1583437680
280923550
256733403
256733403
2056236947
1846301000
5777319457
2312579906
1514716026
5972392115
4281479225
4545147365
4661986339
4273905617
2665537307
483674896
1867099483
6277113098
5725807181
3869321381
4642451313
226983120
2681105370
2622629078
509658254
4929167015
5934640454
392823203
6709389535
4496770061
4276282337
1557566929
354530670
556545167
368444121
665510712
2998979724
1401413883
2298326779
3482242026
4696665789
1789322408
2073115905
248645258
248645258
1575590255
2269832246
419354819
386346806
4293958834
2131914381
1686917160
3403913136
541509479
2261039433
2496791647
5797344890
5555006214
5426449579
1967572990
1134221360
1317683915
4736050568
4082862780
6241232798
1501189720
1529385703
4300644977
5696716555
531907973
3968886115
3273641675
1973255959
290499859
255801048
6176880739
6185966400
2972028329
4833303305
457683704
5916944520
5459761378
1671224316
1671224316
281721605
4741253297
883718893
4491273111
3162641163
3272444052
427931016
3883341482
3938149800
292194510
357865253
1978507558
4131429587
564169323
1775281606
4780058174
4738788867
240307755
839098639
1550448296
316748915
2511156057
495363889
3755087900
2551055678
2711571866
2008816152
5217024986
575325098
3130001842
3520455578
5228764721
532276053
707883703
1044518037
2597654557
1885872301
1885872301
1885872301
1885872301
1885872301
4322479978
3749156857
3077540340
6113509379
5449295179
6407854678
6279105101
6048515573
1334600475
4109592914
4697937352
2794287646
6164084880
5727681007
3549251320
6263376920
3162194061
5897865800
229590089
4531997575
4531997575
4531997575
6285628052
6285628052
4625924075
1544244389
5386648040
1534203400
2236600473
4687770529
2848072733
2848072733
5361559127
2496755386
2064054291
1448682092
1991688409
371847608
226430268
2359663721
3580807760
3580807760
3580807760
795299491
1094863616
1689778983
194680088
3434375456
825707258
2316688939
4080441995
412038582
985243085
2403248957
711175407
2937740291
320311390
416312727
1921103871
3211430413
4553778014
660716223
211986971
2343819194
279796807
2732624657
202070787
4454592290
3088611420
3336852347
985182362
1351744134
4256313404
5533467353
1136914224
4623159409
3293098957
4354765498
1590290558
7220133022
311434005
5980359646
1935500460
1677527027
3124239540
6773177501
5805940706
S6639857505
2657122829
1700147001
371242923
5319822220
200921360
1664493010
3273620811
2368333088
311963046
2270435082
273097682
2600177867
2639693683
3698719995
6287987107
5208902809
2926506210
6668126342
6809740579
292071570
5430512699
5641573814
4280455583
4280455583
2238650396
5271861102
4930807715
6522369542
6522369542
6522369542
6522369542
6522369542
6522369542
5122353698
4439378510
2470351821
5209947298
4778156629
5740090305
2037476852
2184844229
6852419503
3023223052
5024509559
7047080511
1141654470
3684800456
3811672196
2564913428
4108443695
5719149530
4157085068
1805744384
1071312304
5975882877
4074621270
4999814390
4999814390
5507984808
2131924967
1334773457
3707912636
3707912636
6347969461
541947275
4188048010
5214596840
2286590453
3377958571
2103862263
6095067272
3418358642
1061510403
5138192301
4204108095
2288082706
2064085847
4621183701
531001057
6627205122
297165473
6106833990
4011571201
4095812186
3177127880
249966062
1714117164
6362087986
4402040388
4402040388
1753561104
4327211148
2767476862
5497629950
3713747273
3151846122
3151846122
6649664220
5614231506
350056671
3093064649
3317713026
5463755405
3475926521
4128698600
3240814949
3457270259
3096868102
2232424997
326877641
343027030
1351691303
201208108
2396576539
1550439836
1011055441
3554034503
4269630617
1438951706
1438951706
3909392983
6608471705
3597983821
1307487200
478485062
3631963508
369986428
4562828900
679286746
3628720097
1336319666
3409781850
3260430112
746560103
5470550809
4074344160
1815797005
350050776
510853173
3460793282
3460793282
579098006
1145290551
3401658575
419358239
203066041
3298247018
2129572609
3015963500
3557230865
2098730708
2098730708
5741756306
6461161422
6461161422
6071091144
5079890656
6142015030
CH368291235
4351114923
1836864829
3380267672
2519745209
6143460513
1564144900
4370617150
1950907742
5614255420
3819395042
6022091996
6022091996
3256123604
2057926580
2490229203
3835138200
2863951993
2646754532
1723048900
204442222
3834053846
2744670554
6243817292
1544352630
2212331586
990649061
1329024010
565137467
3367870046
3647420043
3876048928
1117172742
4005907630
2550322158
3267440495
3267440495
3267440495
920201856
238182938
5221107672
2638994770
4220261103
3686796244
238307650
6535988920
5302972664
3342748364
700587520
4990175206
4715282825
2410614744
916759061
1588163822
2298349908
2298349908
2298349908
2298349908
2298349908
2298349908
2298349908
2298349908
2298349908
2298349908
2298349908
2298349908
2298349908
2298349908
2298349908
2298349908
2298349908
2298349908
2298349908
2298349908
2298349908
2298349908
2298349908
2298349908
2298349908
2298349908
2298349908
2298349908
2298349908
2298349908
2298349908
2298349908
2298349908
2298349908
2298349908
2298349908
4076625012
1898447799
4209422290
672504893
3074582465
3074582465
4820624396
5785546195
3347409617
905937263
896096809
4977813376
301984170
4666042240
5705097901
5070291531
1633168880
2615571449
3791793619
4010515935
3895630604
7104586517
3590007947
2950008153
3708865204
1616550776
1946296303
290355839
5137695404
201185466
5589549532
5589549532
524785850
3784044400
4990173371
482594100
1392897230
503542310
6499269217
5953868713
3813575200
529432559
5064258257
5064258257
2921560900
1997819812
3621814388
231626804
5654726800
913633242
1584552185
4417613468
4078756378
4078756378
4078756378
334944160
6338282534
3506606594
2127409496
1859511545
1028232375
193066620
193066620
5043886603
386333601
4692039227
5444595379
5538432419
5690492621
4732414260
4929107714
6179595120
6246489970
6146051380
6146051380
2343732513
2753123163
2753123163
5822754920
6086504998
813931586
447777620
5352402228
2480139908
2456692820
4013006007
3978402902
39849480
39849480
413552661
413552661
4192134036
2192623134
3453904646
4493427994
801800826
6435818820
411574335
246975703
745198028
2568448288
1677105098
1495601313
280386222
225543896
225543896
1255560603
1531425327
5004445000
570589073
2055729464
1170226068
318204400
4914764216
4087076165
3403924847
6579185761
724566653
2890748395
1360879811
6086500143
423072915
6245142432
1240732870
1240732870
1240732870
1807183014
4438175327
349840574
6448922216
2246077420
4437165356
4363484093
1546689203
1610992790
4415345151
1237630868
3212640465
730533039
511413828
227343912
5274578203
5274578203
2840322968
4466597662
1477426049
1477426049
468852236
4994575779
2633161605
4644821267
4644821267
4644821267
3788670745
1690388460
3493028004
3221538893
3438443905
4311612078
4311612078
1507207010
584876809
2131379648
3138253199
269922860
3051084255
223980027
361545497
261221502
5815884150
5610638050
4782802652
1002552133
5112098511
6174497647
5750938927
4847744203
2101279750
6475555891
3520495259
6705374093
2686633009
3869342027
2921543025
1806833753
4441768307
4266852109
260478926
7082741022
6452302994
2248618715
353799739
571431100
571431100
309917753
3278587022
6602080703
2250619397
4299876900
4784003783
3115542878
570695407
6786615583
5785537078
6500364117
5363048301
2230955765
6550579954
5975528706
3381490538
3381490538
3381490538
3381490538
3381490538
3381490538
3381490538
3381490538
3381490538
3381490538
3381490538
3381490538
3086973883
5611951691
3751844174
4606029845
5288096719
6077175406
6077175406
3826949563
2064084820
2394822210
4580387333
1167869773
5762253210
5609415572
3659823865
2423895859
2970299863
3114003207
3716298611
3383707184
3383707184
5012224566
4957972129
3562036937
3768173596
3283630800
5058373616
4510047779
5353565336
4872248117
3158178650
4731243640
5340118976
4233214761
5370109152
5487856902
3328526582
1766028021
3882658726
4989082519
4415348438
3350089301
1761350811
1247436638
1247436638
5823442906
1809927440
3065800182
6010798049
5872356667
186866602
2722205408
5026010521
3088590821
3088590821
4504571972
2628218509
2461846319
2474982270
3264204336
223760879
532171130
1203903357
1790852417
518275439
759171194
2223715650
1270491767
325724900
325724900
325724900
325724900
2019439448
2404556016
578032295
3309746543
6519941190
6519941190
6519941190
6519941190
6519941190
6519941190
6519941190
6519941190
6519941190
6519941190
6519941190
6519941190
6519941190
6519941190
6519941190
6519941190
6519941190
6519941190
6519941190
6519941190
6519941190
6519941190
6519941190
6519941190
6519941190
6519941190
6519941190
6519941190
6519941190
6519941190
6519941190
6519941190
6519941190
6519941190
6519941190
6519941190
6519941190
6519941190
6519941190
6519941190
6519941190
6519941190
6519941190
6519941190
6519941190
6519941190
6519941190
6519941190
6519941190
6519941190
6519941190
6519941190
6519941190
6519941190
6519941190
6519941190
6519941190
604410151
4531960565
4531960565
1888496092
4073623701
5528429686
3898787970
6410139360
5292414132
868844962
3731372675
547985430
1125820248
3479748742
254185586
2158640204
3719789182
318413814
469485161
4145518500
1706040112
4181971418
3934710359
5901296010
5725187479
329953030
3782481524
3876161887
4907431140
266379985
266379985
266379985
266379985
5809259179
3955551038
4370760312
5027168040
5027168040
3982934773
346947056
1500253401
2696087042
4983425910
374802090
3070189907
1217447945
2498798775
420975411
4687740766
237048299
2327883254
4398287833
4176316286
2368520070
5713888834
1229975701
4284633988
462245271
46474116
5898957465
5220237534
5667949983
262095640
4609812815
546329483
1598649606
5085677402
6040763369
6487072190
3679482547
5773881394
2865439115
985240466
5052416451
5052416451
224081394
2101389711
991137617
5964735410
6468959784
242656116
2373750719
6628526602
2833060029
1445166755
450217409
2303711302
7191142766
663484100
4516127729
5144227206
5386646773
3626558162
3626558162
1399263830
4222248820
2844484109
4670848223
4609110057
1211255330
1973884168
4195496203
2258214866
6198896559
3143470191
1524215526
5960752984
6174347788
6877791849
6430137225
2995123094
6447479257
5948565391
4329281121
5098695418
6559614946
5866391600
4405072994
6094305458
5571819766
5570482950
6606558838
4639713092
7016991589
5529846349
5529846349
6261651566
4176301371
5885216711
201031301
5799865501
2691773848
2230546371
5968742914
6349666933
3951588400
974126159
5062935644
416645774
2221156780
496316400
5329576170
2053788416
374905202
1749118939
1414751324
1357522430
1539202372
1087128561
1011752262
1747336470
1237180295
1833357561
1291899218
1833402268
1412977969
1649987314
1293209006
1919905350
1477998199
1745224214
1357519030
1357466743
1294885195
211080650
910276997
1412963705
1652186306
1358791354
1654417380
1087356189
1654509598
1539090228
1356504115
1414768850
1539595366
1833426715
1291306500
1555054683
1539096231
1357592089
1478598166
1291374572
1654563617
1475776042
1650057476
1649920095
1163995865
1291338840
862528545
1745029844
1650085131
1238799789
1477011856
1553099819
1412506361
1745299454
1923191811
1415865909
1652438050
1835140093
809289580
1539591204
1477011856
1413920907
1652452240
980458160
1236131234
1478692830
1652631907
1744946840
1478567512
1291392704
1750650660
1540851429
1291285390
1162332463
1555126248
1293287326
1414751324
1415883783
1647575849
1239410215
1647567819
1652612574
1652462433
1749038473
1554997694
1539608730
1356415859
1240960986
1358690181
1831490210
1539050967
1412349941
1652345779
1239924501
1540808309
1539199063
808459659
1015584058
1556425943
1235701042
1837193867
1356395307
1747294670
1356492529
1476959321
1747235079
1163693731
1013444814
1015576605
1747287805
1294955797
1293293587
1920001665
1747273514
1358738233
1745170388
1356503318
1652218462
1540811241
1165519832
685226118
1650096113
1238799733
908460640
1294885195
1013432870
1835106388
1164515395
1652454917
1539131698
1747097615
1652599960
1162339604
1556578596
1654501586
1238783857
864763938
1015791875
1160743908
1747292059
1540774831
1291384564
1162349349
1539151159
905066398
1294885195
1539589471
1236149458
1356391722
1476970523
1539187100
1475783302
1553099121
1748939730
1650039710
1358780006
1414754734
1087442465
1540569040
1412973330
1292533725
1539066156
1835258480
1649970677
1745037169
1553594846
1745285255
1412380155
1650141296
1413966144
1239888220
1235684230
1357415611
1647888909
1357634549
979264395
1087111246
1477011856
0910276997
1357511587
1837201163
1750547370
1358700072
1922309667
1415875964
1013539450
1295904455
1540725955
1745135682
1412538894
862580438
807541085
1553614664
1086024922
1650022166
1650085131
1478698531
1235674514
1165496889
910138424
1360288573
1294911458
1749038730
1747010578
1649891138
1654570473
1361075522
1357430782
805578254
862577257
1540727623
1412530094
1238836940
1476414051
1475752071
1015650002
862711246
1650078798
1650078798
1236111609
1296579736
1015561260
1163376758
1647605109
0907731707
1162317631
1236104394
1356423779
1744958390
1650085131
906326630
1235674514
1356561040
1238133757
1652200579
1837173241
1652653934
1556390440
1919380403
1415857640
1478009877
1240960362
1413028367
1294321353
1650094885
809252263
1015621696
1654560023
862677540
1015599961
1015655181
1414723860
1556563407
1356487945
1647606813
1162325240
1087356189
1476401630
1647881676
1357463214
1415883783
1540523564
1540712681
1165448846
1160760334
1744958390
1539112356
1162315377
1540550047
1554906614
1649973481
1747332804
1648384935
380125130
1086132612
1925674850
1090366173
1832595326
1235612685
1919416988
1745300911
1919557301
1835242128
1015751945
1924260517
861382666
1650215133
1835271204
1553101010
1744957419
1924416964
1358732147
1552930098
1553077112
1540847707
1748968019
1652351517
1923214920
1412350354
1649938721
1554959212
1747090373
1291391054
1539098166
1919779768
1237217145
1553094373
1552930098
1414006029
1745313341
910144510
1837171463
1749111477
1652339289
1162217880
862698385
1553046469
1920017413
743401625
1919713887
209307790
1478553405
1919463298
1552960402
905105310
1478649426
1015678180
1835321804
1291247430
1924411922
1744955071
1015698806
1745073211
1011770724
1540697300
1086148883
1540773769
1540462770
1357612356
1835222070
1360675645
1164511078
1833426852
1090217628
1293238320
980426985
979132193
1837213611
1476463331
1919549437
1837044377
1748986856
1647742021
1647760997
1090358666
1832528336
1747034356
1835245529
1357565523
1555018924
1475718595
1647868320
1235661772
1086146463
1647743240
1835300886
1920017413
1477024643
1556397078
1540716751
1747306606
1832448687
1745001895
1745118990
1919570162
1237253647
1160757153
1539074956
1556634027
1413973624
1164430960
1649966762
1540844443
1556629939
1293238320
1015708679
1556718534
1090239408
1925618980
1478597259
1540516369
1238135636
1163745395
864721799
1835303250
1013549800
1356481529
527053396
1553107692
1240985314
1751739579
864649244
767474869
1478691922
1923223565
1553112743
1747107322
1162192992
1919912758
907890446
1556652763
1540445226
1751804185
1291316795
1540420348
1239902649
1650042076
366117685
1163732433
1478698477
1294422580
1919910906
1235680270
1477029447
1554202320
1647600608
1837132660
1922332950
1356636472
1294996680
1647712560
1554880618
1478663506
1837187588
1414601807
1478746134
1413002764
1477994935
1360690367
740901738
1294333013
1087084790
1291374572
1089447352
1239919387
1652363525
1835167649
1294356773
1650036722
1650122156
1555135423
1650035119
1090401721
1745268728
1295038883
1540533318
1540433281
1356545035
1747066943
1015534621
1556747830
1919773965
1165622967
1539145841
1164514057
697265517
1086113867
2005471079
1919503200
1165521290
1553617441
1414703676
1919386270
1652468382
1654305447
1412576496
1413057865
1919575653
1412969636
1647560696
1837112402
1832542288
1414625769
1240263320
270022051
1412533944
1747107322
1555065014
1554907449
1356587733
1919503200
1412992790
1918625620
1555079222
1239437861
1296326552
1553036091
1922323646
1013402372
1294377572
1235693389
1087302765
1414017550
740072282
1833426852
2005481785
1831580109
1654364957
531163739
980463862
1235672819
209307790
808505226
1296616961
1414691970
1647849886
1749028775
1751780342
1475693203
1832444626
1296586271
1555021546
1293244370
1919383016
808082377
1652432742
1160826013
1654523009
528984904
1356496020
1291374820
1554911811
1291273473
1086006085
625753765
1357498313
1835245821
1011713570
1919968151
1414776258
1832503503
1833365380
1745263410
1160728113
1555052602
1015590869
980408202
1540721463
320921628
1478641185
1745212619
906404438
1649988295
1539061958
1090410301
1235648509
1649988295
1750648159
1015774138
1090332980
1747311271
1477020079
1358712823
1087312582
1832444772
1835156997
1539543345
1837163112
1835162872
1090396708
1540721564
1654368275
1412951990
1747277319
1413999355
1745081719
1090341809
1540450240
906175317
1010563364
1090415132
1356532569
1922339019
1837065551
864773764
1649853179
1478560353
1750565704
1552972410
1919469788
1554968470
1745317283
1476998023
1477024643
1412485535
1477027155
1015678180
1239948436
1836826339
1555131665
1923202784
1923196927
1356609293
1164431905
1238119356
1747020166